building0 = [[0.0343740875687, -0.539826051143], [-0.132925912432, -0.599326051146], [-0.226825912432, -0.14362605114], [-0.201825912431, -0.134726051139], [-0.260625912437, 0.150973948854], [-0.285925912431, 0.141973948863], [-0.335225912429, 0.380773948855], [-0.19292591243, 0.431373948857], [-0.137325912438, 0.161573948862], [-0.0744259124331, 0.18397394885], [-0.125525912437, 0.431873948852], [-0.100025912434, 0.440973948862], [-0.110225912431, 0.490273948861], [0.00967408756696, 0.532873948861], [0.0214740875672, 0.475473948856], [0.0558740875713, 0.487773948844], [0.104674087561, 0.25077394885], [0.272774087563, 0.310573948853], [0.365774087564, -0.140626051143], [0.0566740875656, -0.250626051158], [0.0976740875703, -0.449226051147], [0.0212740875722, -0.476426051144], [0.0343740875687, -0.539826051143]];
building1 = [[0.220702845683, -0.104297089012], [-0.118997154314, -0.233097089018], [-0.171197154319, 0.015802910988], [-0.097797154318, 0.0359029109968], [-0.105897154317, 0.0845029109914], [-0.151597154319, 0.0931029109925], [-0.15819715432, 0.221802910994], [-0.112497154318, 0.273302910995], [-0.0536971543188, 0.264702910994], [0.000202845680178, 0.156002910997], [-0.0193971543194, 0.121702910983], [-0.00789715431893, 0.0759029109904], [0.16840284568, 0.136002910993], [0.220702845683, -0.104297089012]];
building2 = [[-0.335613237003, -0.733032311648], [-0.387813237008, -0.492732311643], [-0.185313237002, -0.415532311657], [-0.198413237005, -0.364032311656], [-0.17231323701, -0.338232311653], [-0.198413237005, -0.218032311663], [-0.218013237012, -0.183732311649], [-0.237613237005, -0.183732311649], [-0.244113237008, -0.132232311647], [-0.446613237007, -0.200932311651], [-0.590313237008, 0.425667688352], [-0.335613237003, 0.528667688355], [-0.322513237006, 0.459967688352], [-0.191913237009, 0.511467688353], [-0.198413237005, 0.537267688356], [-0.198413237005, 0.580167688342], [-0.17231323701, 0.614467688341], [-0.12651323701, 0.60586768834], [-0.100413237007, 0.554367688339], [-0.106913237003, 0.494267688351], [0.26058676299, 0.628967688346], [0.343786762991, 0.236867688349], [0.291486762988, 0.219667688347], [0.317686762988, 0.0994676883565], [0.33718676299, 0.0994676883565], [0.346386762991, 0.0535676883446], [0.386586762994, -0.145732311663], [0.391386762989, -0.169432311654], [0.395986762996, -0.19233231165], [0.74878676299, -0.0636323116632], [0.800986762988, -0.303932311654], [0.735686762993, -0.329632311652], [0.729186762997, -0.278132311651], [-0.27021323701, -0.655832311662], [-0.27021323701, -0.71593231165], [-0.335613237003, -0.733032311648]];
building3 = [[-0.394091765134, -0.0734726674564], [-0.335291765135, 0.00372733254335], [-0.0739917651372, 0.0981273325451], [-0.092091765131, 0.161127332554], [0.00590823485982, 0.195427332539], [0.0239082348635, 0.132527332535], [0.278708234866, 0.226927332551], [0.357108234864, 0.201127332548], [0.304808234869, 0.123927332534], [0.331008234869, 0.0209273325454], [0.351408234863, -0.0176726674545], [-0.289291765133, -0.246372667461], [-0.28959176514, -0.193672667461], [-0.309191765133, -0.0992726674594], [-0.394091765134, -0.0734726674564]];
building4 = [[0.294258078873, -0.264264040656], [0.274658078866, -0.169864040654], [0.189758078872, -0.204164040653], [0.170158078872, 0.0447359593527], [0.215858078875, 0.0619359593547], [0.189758078872, 0.190635959341], [0.12445807887, 0.164935959343], [0.0852580788705, 0.345135959345], [-0.319741921128, 0.199235959342], [-0.260941921129, -0.0582640406647], [-0.104241921123, 0.00183595935232], [-0.0519419211269, -0.255664040655], [-0.0127419211276, -0.247064040654], [0.0199580788685, -0.41876404066], [0.117858078869, -0.384364040656], [0.111358078873, -0.341464040655], [0.294258078873, -0.264264040656]];
building5 = [[-0.295640557539, -0.350277578822], [0.390259442465, -0.092777578815], [0.298759442463, 0.34492242118], [0.155759442467, 0.293822421183], [-0.330640557535, 0.121222421178], [-0.387140557534, 0.10462242119], [-0.295640557539, -0.350277578822]];
building6 = [[0.200749999996, 0.292900000015], [0.285649999998, -0.12029999998], [-0.200750000004, -0.292899999986], [-0.285649999998, 0.12030000001], [0.200749999996, 0.292900000015]];
building7 = [[-0.492098304894, -0.350073685244], [-0.563898304892, -0.00677368523611], [-0.0739983048916, 0.173526314757], [-0.0674983048884, 0.147726314754], [0.0175016951107, 0.182126314758], [0.0109016951101, 0.216426314757], [0.304901695104, 0.328026314761], [0.317901695111, 0.267926314758], [0.487801695112, 0.328026314761], [0.553101695106, 0.0190263147524], [0.396301695109, -0.032473685249], [0.396301695109, -0.0839736852358], [0.0436016951062, -0.212773685242], [0.0109016951101, -0.169773685237], [-0.492098304894, -0.350073685244]];
building8 = [[0.542079632753, 0.149972793326], [0.469479632753, 0.491672793331], [-0.170620367244, 0.217072793326], [-0.157620367252, 0.156972793338], [-0.425420367246, 0.053972793321], [-0.399320367243, -0.0662272066693], [-0.41892036725, -0.0747272066656], [-0.327420367248, -0.512527206665], [-0.170620367244, -0.461027206664], [-0.164120367248, -0.503927206664], [0.0187796327518, -0.443827206662], [-0.000820367247798, -0.358027206676], [0.0710796327476, -0.332227206673], [0.012279632756, -0.0318272066652], [0.0556796327583, -0.0226272066793], [0.542079632753, 0.149972793326]];
building9 = [[0.112412601622, -0.0130347908125], [-0.0760873983818, 0.109465209171], [-0.112387398382, 0.0129652091709], [0.0761126016223, -0.109434790822], [0.112412601622, -0.0130347908125]];
building10 = [[-0.497064481067, -0.29617785968], [-0.457864481068, -0.424977859686], [-0.359964481067, -0.364877859683], [-0.327264481064, -0.459277859685], [-0.235864481067, -0.390677859687], [-0.243264481061, -0.343177859686], [-0.197564481066, -0.308777859682], [-0.171464481064, -0.377477859685], [0.064635518931, -0.244777859698], [0.0581355189352, -0.193277859682], [0.410835518931, 0.0385221403121], [0.495735518933, 0.107222140316], [0.430435518938, 0.270222140316], [0.482735518934, 0.313122140316], [0.450035518938, 0.407622140308], [0.489235518937, 0.441922140308], [0.443535518934, 0.570622140309], [0.28673551893, 0.50202214031], [0.365135518936, 0.253122140304], [0.339035518933, 0.235922140317], [0.339035518933, 0.201622140303], [0.299835518934, 0.175822140314], [0.0777355189348, 0.0471221403131], [-0.0202644810634, 0.347522140321], [-0.137864481061, 0.278822140317], [-0.111664481068, 0.193022140302], [-0.209664481066, 0.132922140314], [-0.13126448106, -0.124577859679], [-0.243264481061, -0.188677859682], [-0.223664481062, -0.231577859682], [-0.269464481069, -0.257277859695], [-0.405664481063, 0.115722140312], [-0.503664481068, 0.0557221403142], [-0.399164481067, -0.244777859698], [-0.497064481067, -0.29617785968]];
building11 = [[-0.280618142853, -0.110287826523], [-0.280618142853, -0.0330878265086], [-0.22831814285, -0.0330878265086], [-0.221818142854, 0.0614121734834], [-0.182618142848, 0.0785121734807], [-0.195718142852, 0.138612173483], [-0.130318142852, 0.155812173485], [-0.11071814286, 0.0785121734807], [-0.0585181428469, 0.0785121734807], [-0.0585181428469, 0.130012173482], [0.268081857146, 0.0957121734828], [0.261581857143, 0.0184121734928], [0.235381857143, 0.0184121734928], [0.235381857143, -0.110287826523], [-0.280618142853, -0.110287826523]];
building12 = [[-0.181316338152, -0.077529572387], [-0.181316338152, 0.0941704276192], [0.184483661847, 0.0769704276172], [0.177983661852, -0.0946295723843], [-0.181316338152, -0.077529572387]];
building13 = [[0.0138485944844, -0.155417563219], [0.107148594492, 0.0683824367879], [-0.013851405507, 0.155382436773], [-0.107151405515, -0.0683175632148], [0.0138485944844, -0.155417563219]];
building14 = [[-0.0681223278589, -0.309667477923], [0.114777672134, -0.215267477935], [0.0233776721361, 0.0165325220587], [0.0625776721354, 0.0422325220716], [0.0364776721399, 0.119532522076], [0.0690776721385, 0.136632522059], [0.0102776721396, 0.316932522066], [-0.0942223278616, 0.256832522064], [-0.0615223278655, 0.162432522062], [-0.0877223278658, 0.14523252206], [-0.0223223278663, -0.0264674779319], [-0.0419223278586, -0.0349674779427], [-0.00272232786665, -0.155167477933], [-0.0746223278693, -0.189467477932], [-0.0615223278655, -0.249567477935], [-0.0877223278658, -0.258167477936], [-0.0681223278589, -0.309667477923]];
building15 = [[-0.0991625247989, 0.0621577255806], [0.0424374752038, 0.100857725585], [0.0555374752075, 0.0181577255862], [0.10873747521, 0.0326577255764], [0.120737475205, -0.043142274415], [-0.0741625247974, -0.0963422744244], [-0.0991625247989, 0.0621577255806]];
building16 = [[0.127180182215, -0.121825641254], [0.0292801822143, -0.17832564126], [-0.000419817784859, -0.0897256412572], [-0.0786198177811, -0.134925641265], [-0.128419817782, 0.0139743587351], [-0.0502198177855, 0.0591743587429], [-0.0804198177866, 0.14927435873], [0.0174801822141, 0.20587435874], [0.127180182215, -0.121825641254]];
building17 = [[0.0185969694649, -0.248514284845], [-0.0343030305376, -0.281914284846], [0.0185969694649, -0.248514284845], [-0.0794030305406, 0.0347857151501], [0.0185969694649, 0.0948857151525], [0.123096969459, -0.197014284844], [0.181896969465, -0.16261428484], [0.0446969694603, 0.223585715154], [-0.164303030535, 0.111985715164], [-0.0343030305376, -0.281914284846]];
building18 = [[-0.0966779261071, -0.0145084338437], [-0.063977926111, -0.108908433845], [0.0862220738854, -0.0231084338448], [0.0405220738903, 0.131391566159], [-0.011677926108, 0.0970915661601], [0.00132207389106, 0.0455915661587], [-0.0966779261071, -0.0145084338437]];
building19 = [[-0.0768015602735, 0.031265982645], [-0.0310015602736, -0.0975340173463], [0.0734984397277, -0.0374340173585], [0.0342984397212, 0.0998659826437], [-0.0768015602735, 0.031265982645]];
building20 = [[-0.128735315629, -0.225643524798], [-0.0895353156302, -0.199843524795], [-0.0960353156333, -0.174143524811], [-0.0634353156274, -0.156943524809], [-0.0960353156333, -0.0539435248065], [0.00846468436794, 0.0232564751932], [0.0214646843669, -0.0196435248072], [0.0933646843696, 0.0232564751932], [0.132564684369, -0.0968435248069], [0.165164684375, -0.0711435248086], [0.178264684371, -0.0968435248069], [0.21746468437, -0.0625435248076], [0.152164684368, 0.169156475196], [-0.0242353156355, 0.0661564751936], [-0.0373353156319, 0.109156475199], [-0.207135315628, 0.0232564751932], [-0.128735315629, -0.225643524798]];
building21 = [[0.190444392669, -0.156808990971], [0.210044392661, 0.109291009037], [-0.18835560733, 0.160791009039], [-0.207955607337, -0.11390899097], [0.190444392669, -0.156808990971]];
building22 = [[-0.357182000145, 0.164513570606], [-0.252682000151, -0.324686429405], [0.328717999852, -0.170186429386], [0.348317999858, 0.207513570611], [0.322117999851, 0.207513570611], [0.322117999851, 0.250413570611], [0.230717999853, 0.259013570612], [0.230717999853, 0.233213570609], [-0.141582000142, 0.267513570594], [-0.141582000142, 0.224613570608], [-0.180782000149, 0.207513570611], [-0.193882000145, 0.24181357061], [-0.357182000145, 0.164513570606]];
building23 = [[0.248569903422, -0.766998230873], [0.202869903427, -0.560998230867], [0.243669903422, -0.549498230874], [0.261669903433, -0.612498230868], [0.326969903428, -0.586698230865], [0.242069903426, -0.140398230869], [0.268169903429, -0.131798230868], [0.248569903422, -0.0373982308811], [0.283169903429, -0.026198230873], [0.270969903424, 0.0310017691227], [0.17826990343, 0.471901769124], [0.228969903423, 0.494701769116], [0.20936990343, 0.57200176912], [0.163669903428, 0.554801769118], [0.137569903432, 0.675001769137], [0.104869903422, 0.666401769136], [0.0917699034253, 0.735001769121], [-0.109130096578, 0.660701769128], [-0.0960300965744, 0.592001769124], [-0.14833009657, 0.574901769127], [-0.13683009657, 0.52910176912], [-0.260930096571, 0.486101769115], [-0.13683009657, -0.123298230887], [-0.567930096571, -0.277798230876], [-0.525830096572, -0.456098230876], [0.0109699034292, -0.257798230872], [0.0474699034312, -0.42809823087], [0.130969903432, -0.809898230873], [0.248569903422, -0.766998230873]];
building24 = [[-0.162278905125, 0.0454984182143], [-0.123078905119, -0.143301581789], [0.164321094875, -0.0403015817719], [0.125121094876, 0.139898418231], [-0.162278905125, 0.0454984182143]];
building25 = [[0.0593301681001, 0.0300989327807], [0.229330168098, 0.442598932801], [0.127230168102, 0.515198932786], [0.117130168102, 0.490498932792], [-0.038969831905, 0.115598932796], [-0.117469831901, 0.171998932783], [-0.173469831898, 0.0373989327927], [-0.0450698319037, -0.0549010672112], [-0.0482698318956, -0.0626010672131], [-0.198769831899, -0.424001067207], [-0.157969831904, -0.453401067221], [-0.163769831895, -0.467301067212], [-0.169869831901, -0.482301067212], [-0.102269831907, -0.530401067212], [0.112930168099, -0.00800106720999], [0.0593301681001, 0.0300989327807]];
building26 = [[0.179119646607, 0.0956990002014], [0.0343196466056, 0.215099000197], [-0.152280353388, -0.175600999806], [-0.072880353393, -0.241100999803], [0.080019646608, 0.078999000194], [0.145319646603, 0.025099000195], [0.179119646607, 0.0956990002014]];
building27 = [[0.0545673298038, -0.25519258916], [-0.0565326701908, -0.25519258916], [-0.0630326701939, 0.225407410835], [-0.0108326701884, 0.225407410835], [-0.0108326701884, 0.259807410839], [0.061067329807, 0.259807410839], [0.0545673298038, -0.25519258916]];
building28 = [[0.126050000006, 0.14420000001], [0.0299500000037, 0.216100000005], [-0.126049999999, -0.144199999995], [-0.0299499999965, -0.216099999991], [0.126050000006, 0.14420000001]];
building29 = [[0.0530698388611, -0.251167177266], [-0.0645301611439, -0.251167177266], [-0.0514301611474, 0.263832822719], [0.0334698388615, 0.255232822718], [0.0334698388615, 0.229532822719], [0.0660698388529, 0.220932822718], [0.0530698388611, -0.251167177266]];
building30 = [[0.124590078143, 0.150361573658], [0.0327900781413, 0.218061573643], [-0.124609921855, -0.150238426344], [-0.0327099218557, -0.218038426348], [0.124590078143, 0.150361573658]];
building31 = [[0.116549999999, -0.164250000002], [0.169750000001, -0.0263500000001], [-0.116549999999, 0.164250000002], [-0.169749999994, 0.0263500000001], [0.116549999999, -0.164250000002]];
building32 = [[0.141501780367, -0.197837938234], [0.115401780364, -0.146337938248], [0.0239017803688, -0.0777379382343], [0.0566017803721, -0.034837938234], [0.063101780368, 0.0252620617539], [0.15460178037, -0.034837938234], [0.200301780373, -0.0519379382313], [0.226401780368, 0.11966206177], [-0.0348982196374, 0.291362061762], [-0.0740982196294, 0.248462061762], [-0.106698219635, 0.257062061763], [-0.126298219628, 0.171162061772], [-0.0348982196374, 0.102562061758], [-0.0740982196294, -0.000437938229879], [-0.165498219634, 0.059662061758], [-0.250398219629, -0.034837938234], [-0.21779821963, -0.103437938233], [0.050101780369, -0.300837938237], [0.141501780367, -0.197837938234]];
building33 = [[0.0292819294118, -0.11954426195], [-0.0919180705823, -0.0345442619437], [-0.0292180705874, 0.119555738056], [0.0918819294093, 0.0345557380497], [0.0292819294118, -0.11954426195]];
building34 = [[0.0294537657974, -0.119431940882], [0.0919537657974, 0.0339680591278], [-0.029446234199, 0.119468059129], [-0.091946234199, -0.0340319408715], [0.0294537657974, -0.119431940882]];
building35 = [[0.116849709186, -0.160639190479], [0.167549709186, -0.0297391904751], [-0.116750290814, 0.160660809517], [-0.167550290811, 0.0296608095232], [0.116849709186, -0.160639190479]];
building36 = [[0.235279536471, -0.623816207633], [-0.36462046353, -0.594516207624], [-0.35942046353, -0.408916207627], [-0.186420463528, -0.417316207633], [-0.0337204635289, -0.424816207626], [-0.0256204635298, -0.14081620764], [-0.0642204635296, -0.125516207627], [-0.091320463529, -0.0990162076341], [-0.112520463525, -0.0556162076391], [-0.118820463525, -0.00261620762467], [-0.109820463527, 0.0448837923759], [-0.0912204635242, 0.0884837923659], [-0.0603204635263, 0.11798379237], [-0.0180204635326, 0.130783792367], [-0.0102204635332, 0.403783792368], [-0.331420463524, 0.419483792371], [-0.32572046353, 0.619883792373], [0.269579536471, 0.590783792373], [0.264079536471, 0.394483792377], [0.182379536476, 0.398483792364], [0.158879536466, -0.43011620763], [0.240579536468, -0.434016207641], [0.235279536471, -0.623816207633]];
building37 = [[0.192395269332, -0.453758839765], [0.37769526933, -0.397158839754], [0.207895269334, 0.43534116025], [-0.0273047306691, 0.358141160235], [-0.0534047306646, 0.47824116025], [-0.0207047306685, 0.486841160251], [-0.0664047306636, 0.692841160242], [-0.301604730666, 0.615641160242], [-0.210204730669, 0.177841160243], [-0.184004730669, 0.177841160243], [-0.171004730662, 0.134941160242], [-0.321204730666, 0.0748411602253], [-0.190604730662, -0.56025883976], [-0.0468047306713, -0.500158839772], [-0.0403047306609, -0.543058839758], [-0.00850473067112, -0.528058839758], [0.192395269332, -0.453758839765]];
building38 = [[-0.128389231853, 0.114514495799], [-0.0173892318489, -0.202985504206], [0.0806107681492, -0.151485504219], [0.0545107681464, -0.0570855042024], [0.126310768144, -0.014185504202], [0.0740107681486, 0.140314495788], [0.00221076815069, 0.0974144957872], [-0.0238892318521, 0.174614495802], [-0.128389231853, 0.114514495799]];
building39 = [[-0.15578764063, 0.0258114330354], [-0.116587640638, -0.111488566967], [-0.0447876406324, -0.0685885669664], [-0.0120876406363, -0.162988566954], [0.105412359364, -0.0942885669647], [0.0728123593726, 0.000111433037091], [0.138112359367, 0.0344114330364], [0.0989123593681, 0.163111433038], [-0.15578764063, 0.0258114330354]];
building40 = [[0.0735000000059, -0.108399999983], [0.109900000003, -0.0149999999849], [-0.0735000000059, 0.108400000012], [-0.109900000003, 0.0149999999994], [0.0735000000059, -0.108399999983]];
building41 = [[0.0789145658418, -0.112147015752], [-0.115385434154, 0.018352984247], [-0.0789854341565, 0.112152984249], [0.115414565844, -0.0183470157499], [0.0789145658418, -0.112147015752]];
building42 = [[-0.018153722529, -0.201994925417], [0.0798462774765, -0.150494925416], [0.0471462774658, -0.0559949254093], [0.125546277472, -0.0130949254235], [0.0732462774686, 0.132805074594], [0.00144627747795, 0.0899050745938], [-0.0246537225321, 0.17570507458], [-0.122653722523, 0.124205074593], [-0.018153722529, -0.201994925417]];
building43 = [[0.0936147471366, -0.281742353036], [-0.134985252858, -0.177142353044], [-0.104385252867, 0.243957646977], [0.132414747139, 0.21715764697], [0.0936147471366, -0.281742353036]];
building44 = [[0.156009776532, -0.150974188582], [-0.172590223461, -0.116074188583], [-0.160390223464, 0.152125811408], [0.178509776531, 0.111925811405], [0.156009776532, -0.150974188582]];
building45 = [[0.141383918723, -0.169092486249], [-0.101516081282, -0.136892486262], [-0.0851160812745, 0.230607513746], [0.0311839187198, 0.217207513735], [0.0127839187189, -0.00279248626612], [0.149583918726, -0.0241924862494], [0.141383918723, -0.169092486249]];
building46 = [[0.157700214142, -0.124979713626], [0.174000214145, 0.0816202863643], [-0.152599785855, 0.132520286366], [-0.170899785859, -0.0900797136273], [0.157700214142, -0.124979713626]];
building47 = [[0.3195366359, 0.215151342112], [-0.317363364098, 0.241951342119], [-0.327563364095, -0.25424865789], [-0.221363364093, -0.243548657891], [-0.213263364094, -0.112048657887], [-0.145863364094, -0.10934865789], [-0.149963364092, -0.25424865789], [-0.0397633640969, -0.256948657887], [-0.0335633640934, -0.120148657879], [0.033736635909, -0.120148657879], [0.0317366359086, -0.264948657888], [0.141936635911, -0.256948657887], [0.141936635911, -0.184448657892], [0.207236635906, -0.192548657898], [0.207236635906, -0.262248657891], [0.315436635901, -0.273048657895], [0.3195366359, 0.215151342112]];
building48 = [[0.170729929829, -0.707610276571], [0.184629929827, -0.644710276567], [0.162429929835, -0.630710276571], [0.21042992983, -0.556310276559], [0.179229929832, -0.536810276579], [0.242229929827, -0.445210276564], [0.209729929833, -0.418810276577], [0.269129929831, -0.330610276564], [0.238829929833, -0.312710276557], [0.29192992983, -0.230810276567], [0.21042992983, -0.190310276565], [0.222129929825, -0.145410276557], [0.305729929831, -0.18011027656], [0.455429929832, 0.375689723442], [0.447129929831, 0.38708972343], [0.455929929834, 0.423489723427], [0.387629929828, 0.45468972344], [0.186929929827, 0.551189723439], [-0.154970070165, 0.712889723436], [-0.450770070172, -0.357410276571], [-0.306970070167, -0.427510276568], [-0.334170070171, -0.523810276558], [-0.0067700701693, -0.665010276571], [0.00232992983365, -0.628010276574], [0.170729929829, -0.707610276571]];
building49 = [[-0.49853685272, -0.105078414708], [-0.486336852715, -0.162278414704], [-0.218136852716, -0.0679784147069], [-0.138336852717, -0.4302784147], [0.0614631472781, -0.359878414703], [0.0538631472882, -0.325678414709], [0.106063147286, -0.307378414698], [0.129763147284, -0.410278414711], [0.336663147289, -0.333878414705], [0.291963147283, -0.106278414707], [0.258863147283, -0.117878414705], [0.224263147276, 0.0509215852944], [0.186163147278, 0.230121585293], [0.219063147284, 0.241121585292], [0.169963147287, 0.469121585294], [0.0264631472819, 0.414521585291], [-0.0138368527187, 0.401821585299], [-0.296836852714, 0.298121585307], [-0.230636852713, -0.0115784147056], [-0.49853685272, -0.105078414708]];
building50 = [[-0.234404716211, -0.414623002027], [0.320795283791, -0.217223002037], [0.248895283796, 0.126176997976], [0.281595283792, 0.143276997973], [0.294695283788, 0.0917769979715], [0.412195283789, 0.134776997977], [0.39919528379, 0.19477699796], [0.438395283796, 0.211976997962], [0.392595283789, 0.417976997967], [-0.273604716211, 0.177676997977], [-0.286704716214, 0.229176997964], [-0.365104716213, 0.203376997961], [-0.347904716211, 0.13117699798], [-0.332404716202, 0.0660769979731], [-0.378104716205, 0.0402769979701], [-0.378404716212, 0.0396769979707], [-0.410804716208, -0.0283230020286], [-0.417304716211, -0.088423002031], [-0.410804716208, -0.157123002034], [-0.384704716205, -0.208623002036], [-0.348704716213, -0.22882300202], [-0.33900471621, -0.23432300202], [-0.29320471621, -0.251523002022], [-0.260604716212, -0.242923002021], [-0.234404716211, -0.414623002027]];
building51 = [[0.073077867688, -0.323493472388], [-0.0902221323122, -0.315993472381], [-0.0852221323075, -0.130093472384], [-0.0730221323174, 0.323606527629], [0.0901778676853, 0.316006527617], [0.073077867688, -0.323493472388]];
building52 = [[0.367726165307, -0.991776967465], [0.312626165316, -1.01227696745], [0.137626165313, -1.07727696745], [0.067226165309, -1.10337696745], [-0.050273834684, -0.622676967454], [-0.0241738346886, -0.614176967458], [-0.265873834687, 0.510223032543], [-0.298573834691, 0.501623032542], [-0.396473834691, 0.973723032541], [-0.0894738346906, 1.10252303255], [-0.0547738346868, 0.935423032541], [-0.0110738346921, 0.724823032549], [0.0150261653107, 0.73342303255], [0.308926165315, -0.588376967455], [0.289326165308, -0.596976967456], [0.367726165307, -0.991776967465]];
building53 = [[0.110950000009, -0.181150000004], [-0.176649999994, 0.0139499999932], [-0.110949999995, 0.181149999989], [0.176650000009, -0.0139500000078], [0.110950000009, -0.181150000004]];
building54 = [[0.0785889001636, -0.607545358303], [0.179688900163, -0.565045358308], [-0.0662110998383, 0.583954641697], [-0.181711099838, 0.542554641695], [0.0785889001636, -0.607545358303]];
building55 = [[-0.478690946955, 0.104985613099], [-0.402390946954, -0.113614386893], [-0.466190946958, -0.153914386887], [-0.435190946962, -0.220914386897], [-0.419890946956, -0.2565143869], [-0.404990946954, -0.428114386901], [-0.388690946958, -0.569614386899], [-0.245590946957, -0.543514386896], [-0.234290946959, -0.67021438689], [-0.193990946958, -0.657514386898], [-0.207390946955, -0.536514386898], [-0.223690946958, -0.406414386889], [-0.0541909469539, -0.3239143869], [0.0736090530481, -0.282614386888], [0.109709053038, -0.270814386895], [0.131709053043, -0.263814386883], [0.105809053042, -0.162314386893], [0.147909053041, -0.147014386908], [0.0877090530412, 0.121285613102], [0.188909053046, 0.167285613104], [0.204009053043, 0.1187856131], [0.240209053045, 0.00258561309602], [0.303609053037, -0.201314386883], [0.47140905304, -0.1741143869], [0.470909053038, -0.0147143868962], [0.460309053044, 0.396385613116], [0.420909053042, 0.405785613111], [0.414809053043, 0.408685613103], [0.429509053043, 0.429285613107], [0.423209053042, 0.474585613105], [0.226909053046, 0.437785613118], [0.223109053048, 0.465485613095], [0.109209053044, 0.399885613107], [0.058009053042, 0.391985613096], [0.0401090530431, 0.45048561311], [-0.156290946958, 0.251985613097], [-0.148790946958, 0.185985613105], [-0.284390946959, 0.178785613112], [-0.296890946956, -0.0164143868897], [-0.304990946963, -0.0212143868994], [-0.340490946954, 0.0549856130965], [-0.392890946954, 0.171885613105], [-0.434690946953, 0.143485613109], [-0.478690946955, 0.104985613099]];
building56 = [[0.100482672024, -0.0866692780401], [0.105382672024, 0.0827307219733], [0.0320826720199, 0.0863307219697], [0.0310826720233, 0.0515307219757], [-0.128217327976, 0.0594307219726], [-0.131117327976, -0.0431692780257], [-0.0370173279807, -0.0478692780307], [-0.0375173279754, -0.0652692780277], [0.0275826720244, -0.0685692780244], [0.02718267202, -0.0830692780291], [0.100482672024, -0.0866692780401]];
building57 = [[-0.0220117662757, 0.165223263], [-0.0183117662746, 0.222423262981], [0.0469882337202, 0.215023262994], [0.0182882337176, -0.222376737016], [-0.0470117662771, -0.214976737014], [-0.0220117662757, 0.165223263]];
building58 = [[0.163, -0.0878999999986], [0.172299999998, 0.0482999999949], [-0.163, 0.0878999999986], [-0.172299999998, -0.0483000000095], [0.163, -0.0878999999986]];
building59 = [[0.0339205116616, 0.0912488207396], [-0.0210794883315, 0.097648820738], [-0.0338794883355, -0.0912511792558], [0.02102051166, -0.0977511792589], [0.0339205116616, 0.0912488207396]];
building60 = [[0.0655720626746, -0.0536659393256], [0.0720720626778, 0.0446340606723], [-0.0601279373222, 0.0596340606717], [-0.0678279373169, -0.0565659393178], [-0.0245279373194, -0.0614659393177], [-0.0233279373206, -0.0435659393261], [0.0655720626746, -0.0536659393256]];
building61 = [[0.062855840988, -0.0785101506626], [0.0720558409885, 0.0632898493495], [-0.0265441590091, 0.0742898493481], [-0.0275441590056, 0.0593898493389], [-0.0706441590082, 0.0642898493534], [-0.0779441590057, -0.0473101506504], [-0.0347441590056, -0.0521101506456], [-0.0357441590095, -0.0674101506447], [0.062855840988, -0.0785101506626]];
building62 = [[0.380982978051, -0.163285754446], [0.139282978045, -0.257685754448], [0.108182978045, -0.28918575446], [0.0101829780542, -0.323485754445], [-0.0240170219477, -0.317785754451], [-0.265717021954, -0.395085754455], [-0.285317021946, -0.300585754463], [-0.30331702195, -0.211885754456], [-0.140017021949, -0.160385754454], [-0.231417021947, 0.31161424554], [-0.174217021951, 0.343114245552], [-0.180817021945, 0.386014245552], [-0.0860170219457, 0.421614245541], [0.00208297804784, 0.454714245556], [0.0151829780443, 0.411814245555], [0.0739829780505, 0.437514245554], [0.171982978049, -0.0345857544453], [0.341782978052, 0.0255142455571], [0.380982978051, -0.163285754446]];
building63 = [[-0.249041257892, 0.220634360972], [0.124658742112, 0.353134360979], [0.128958742112, 0.332334360981], [0.133158742115, 0.311734360977], [0.15325874211, 0.318934360985], [0.178058742109, 0.198334360975], [0.15035874211, 0.188534360976], [0.170958742114, 0.0883343609894], [0.143858742107, 0.0787343609845], [0.165458742114, -0.0266656390158], [0.14055874211, -0.0354656390264], [0.161658742109, -0.137865639015], [0.134158742112, -0.147565639025], [0.15555874211, -0.251465639012], [0.129258742112, -0.260765639017], [0.15065874211, -0.365365639023], [-0.0116412578864, -0.422965639009], [-0.0323412578873, -0.322265639028], [-0.0609412578924, -0.332365639013], [-0.0867412578955, -0.206465639014], [-0.104141257892, -0.121965639017], [-0.154341257883, -0.139765639018], [-0.219341257893, 0.176734360983], [-0.238641257893, 0.169934360994], [-0.249041257892, 0.220634360972]];
building64 = [[0.227136352463, -0.746307150184], [0.247136352467, -0.737607150193], [0.393636352463, -0.685007150183], [0.352736352463, -0.488507150192], [0.209036352462, -0.540007150179], [0.158936352462, -0.299307150199], [0.298236352464, -0.249307150196], [0.256236352463, -0.0474071501958], [0.115736352462, -0.0979071501934], [0.0642363524676, 0.149492849814], [0.203436352465, 0.199492849817], [0.162936352463, 0.394492849809], [0.0301363524632, 0.346892849819], [-0.0268636475375, 0.621292849813], [0.015336352466, 0.636392849803], [-0.030263647539, 0.855792849819], [-0.164363647535, 0.807692849819], [-0.285463647539, 0.765092849819], [-0.242863647538, 0.555892849807], [-0.182263647534, 0.577192849814], [-0.168163647533, 0.507892849811], [-0.359463647539, 0.440792849811], [-0.319163647539, 0.242892849812], [-0.149663647542, 0.302392849815], [-0.0972636475417, 0.0451928498078], [-0.263063647537, -0.0130071501917], [-0.224563647535, -0.202207150185], [-0.047163647534, -0.139907150195], [0.00363635246322, -0.38980715019], [-0.166663647542, -0.449607150193], [-0.128663647534, -0.636107150189], [0.0455363524597, -0.574907150192], [0.0901363524608, -0.794007150194], [0.107236352465, -0.788907150185], [0.227136352463, -0.746307150184]];
building65 = [[0.214150000007, -0.277950000003], [-0.0726500000019, -0.383749999994], [-0.21415, 0.277950000018], [0.0726500000019, 0.383750000008], [0.214150000007, -0.277950000003]];
building66 = [[0.450549701134, -0.0502702841477], [-0.0785502988656, -0.247770284142], [-0.0655502988666, -0.273470284141], [-0.058950298866, -0.307770284126], [-0.0785502988656, -0.333570284129], [-0.0981502988652, -0.34217028413], [-0.117750298872, -0.34217028413], [-0.137350298864, -0.307770284126], [-0.137350298864, -0.26487028414], [-0.228850298867, -0.307770284126], [-0.268050298866, -0.136170284124], [-0.222250298866, -0.118970284137], [-0.196150298871, -0.0588702841487], [-0.215750298863, 0.0441297158686], [-0.261450298865, 0.087029715869], [-0.307150298868, 0.078429715868], [-0.352950298868, 0.241529715859], [-0.281050298865, 0.267229715872], [-0.281050298865, 0.293029715875], [-0.228850298867, 0.33592971586], [-0.163450298867, 0.33592971586], [-0.156950298864, 0.318729715858], [-0.0981502988652, 0.33592971586], [-0.058950298866, 0.172829715855], [-0.0981502988652, 0.155729715858], [-0.0524502988701, -0.0502702841477], [0.215349701139, 0.0355297158676], [0.195749701132, 0.112729715853], [0.398249701131, 0.181429715856], [0.450549701134, -0.0502702841477]];
building67 = [[-0.0252555636835, -0.304694553619], [0.22084443632, -0.213994553618], [0.201044436319, -0.121394553615], [0.0832444363186, -0.16479455361], [-0.00475556367746, 0.247205446387], [0.0368444363121, 0.262605446376], [0.0159444363162, 0.360405446394], [-0.0827555636861, 0.324005446382], [-0.0752555636791, 0.289105446383], [-0.146455563678, 0.262905446391], [-0.0252555636835, -0.304694553619]];
building68 = [[0.169071052267, -0.424362365869], [0.0776710522769, -0.458662365869], [0.0710710522762, -0.43296236587], [-0.000728947728931, -0.458662365869], [-0.118328947727, 0.13353763413], [-0.15102894773, 0.150737634132], [-0.17062894773, 0.236537634133], [-0.144428947729, 0.322337634134], [-0.0726289477243, 0.356737634123], [-0.0269289477292, 0.322337634134], [0.0841710522727, 0.365337634124], [0.136471052268, 0.124937634129], [0.0188710522707, 0.0820376341289], [0.110271052268, -0.347062365865], [0.149471052275, -0.338462365864], [0.169071052267, -0.424362365869]];
buildings = [building0, building1, building2, building3, building4, building5, building6, building7, building8, building9, building10, building11, building12, building13, building14, building15, building16, building17, building18, building19, building20, building21, building22, building23, building24, building25, building26, building27, building28, building29, building30, building31, building32, building33, building34, building35, building36, building37, building38, building39, building40, building41, building42, building43, building44, building45, building46, building47, building48, building49, building50, building51, building52, building53, building54, building55, building56, building57, building58, building59, building60, building61, building62, building63, building64, building65, building66, building67, building68];
street0 = [[0.0195999999996, 0.287549999994], [-0.0196000000069, -0.287549999994], [-0.119600000007, -0.387549999994], [-0.0804000000004, 0.187549999994]];
street1 = [[1.4343625, -0.541187499999], [-0.809937500002, 0.173912500002], [-0.909937500002, 0.0739125000022], [1.3343625, -0.641187499999]];
street2 = [[1.07445000001, 0.312862499981], [-1.40764999999, -0.845837500005], [-1.50764999999, -0.945837500005], [0.974450000007, 0.212862499981]];
street3 = [[-0.0181000000011, -0.451450000008], [0.0180999999939, 0.451449999993], [-0.0819000000061, 0.351449999993], [-0.118100000001, -0.551450000008]];
street4 = [[-0.145850000008, 1.0779125], [0.114049999996, -0.345787500017], [0.0140499999965, -0.445787500017], [-0.245850000008, 0.977912499997]];
street5 = [[-0.62983333334, -0.271633333323], [0.978666666662, 0.415366666668], [0.878666666662, 0.315366666668], [-0.72983333334, -0.371633333323]];
street6 = [[-0.0376857142837, -2.25932380951], [-0.122685714283, 2.13227619049], [-0.222685714283, 2.03227619049], [-0.137685714284, -2.35932380951]];
street7 = [[0.287911111111, -1.71238888889], [-0.266288888888, 1.4673111111], [-0.366288888888, 1.3673111111], [0.187911111111, -1.81238888889]];
street8 = [[-0.0647066666643, -3.44346666666], [-0.716606666661, 3.97883333333], [-0.816606666661, 3.87883333333], [-0.164706666664, -3.54346666666]];
street9 = [[0.696549999993, -0.613500000021], [-0.851550000014, -0.32160000001], [-0.951550000014, -0.42160000001], [0.596549999993, -0.713500000021]];
streets = [street0, street1, street2, street3, street4, street5, street6, street7, street8, street9];
streetTrans = [[40446.8071, -79940.37505], [40445.6476375, -79946.7309125], [40445.75225, -79940.4003625], [40444.5215, -79946.80565], [40446.54835, -79941.0933125], [40440.7776333, -79941.9822667], [40444.5772857, -79944.0948762], [40444.1666889, -79940.2502111], [40440.8536067, -79944.7476333], [40445.30615, -79941.641]];
buildingTrans = [[40441.7181259, -79946.3277739], [40441.7938972, -79947.3002029], [40443.3645132, -79942.0079677], [40442.4674918, -79947.2280273], [40443.3272419, -79946.402136], [40441.5590406, -79942.9086224], [40441.42915, -79942.4945], [40440.9584983, -79941.2952263], [40441.0878204, -79942.3515728], [40442.1501874, -79938.0694652], [40445.4360645, -79943.1730221], [40446.2973181, -79942.6723122], [40446.9100163, -79942.6707704], [40441.9932514, -79938.6613824], [40445.8095223, -79941.7731325], [40444.7729625, -79942.0863577], [40444.6591198, -79941.4836744], [40444.926603, -79941.2257857], [40445.9758779, -79941.0391916], [40445.1983016, -79941.016266], [40445.4521353, -79941.4537565], [40446.6417556, -79948.653091], [40443.978682, -79946.5391136], [40442.5825301, -79945.7449018], [40444.1856789, -79943.3455984], [40441.9201698, -79940.2027989], [40441.0129804, -79939.238999], [40447.1379327, -79943.0252074], [40441.32985, -79939.619], [40446.6691302, -79943.0035328], [40441.1495099, -79939.4684616], [40441.60015, -79939.29775], [40441.3092982, -79938.9197621], [40441.5802181, -79938.6605557], [40441.8896462, -79938.8950681], [40441.7226503, -79939.0073608], [40444.2232205, -79945.5459838], [40442.4819047, -79944.5561412], [40445.1774892, -79942.2660145], [40444.8586876, -79942.5206114], [40441.7984, -79938.2282], [40442.0174854, -79938.383453], [40445.0541537, -79941.7950051], [40446.8709853, -79946.7495576], [40446.4860902, -79946.6228258], [40446.4966161, -79946.2453075], [40446.5721998, -79945.4445203], [40446.7267634, -79944.7117513], [40443.6654701, -79949.2256897], [40443.3520369, -79945.6088216], [40443.5116047, -79943.528077], [40443.9661221, -79945.5354065], [40443.8173738, -79940.032623], [40441.75215, -79938.48755], [40443.6135111, -79940.0817546], [40443.5724909, -79944.5367856], [40444.2928173, -79947.8875307], [40444.8920118, -79948.3938233], [40446.7422, -79947.6719], [40446.0226795, -79948.6666488], [40446.2505279, -79948.3321341], [40445.1717442, -79948.2178898], [40442.365217, -79946.7434142], [40444.2802413, -79943.9417344], [40441.5006636, -79945.0485928], [40441.10195, -79943.73235], [40442.1715503, -79941.4662297], [40442.7078556, -79940.8645054], [40442.5183289, -79939.9592376]];
types = [2, 2, 1, 2, 2, 4, 2, 2, 3, 0, 1, 4, 0, 0, 0, 0, 0, 0, 0, 0, 0, 2, 2, 1, 0, 3, 0, 0, 0, 0, 0, 0, 4, 0, 0, 0, 3, 4, 0, 0, 0, 0, 0, 2, 0, 0, 0, 2, 2, 2, 2, 3, 3, 0, 3, 1, 0, 0, 0, 0, 0, 0, 2, 2, 1, 4, 1, 0, 3];
diameters = [0.613890066525, 0.295550487883, 0.856711529366, 0.409851796758, 0.419239366785, 0.458364179978, 0.355092906867, 0.6039141717, 0.679818550255, 0.133311380652, 0.722726354554, 0.301512763872, 0.204312711105, 0.156033337868, 0.317099123442, 0.128213859471, 0.206615121317, 0.283993594829, 0.137498298645, 0.105591654295, 0.259784106083, 0.247652141926, 0.411423711811, 0.82041956338, 0.188901456396, 0.540170723584, 0.251875441472, 0.266887821934, 0.218165562137, 0.268798846388, 0.220513126875, 0.201400012414, 0.304981398579, 0.123078275724, 0.123043479553, 0.198642402459, 0.700249767161, 0.696016136006, 0.203728987387, 0.190758995655, 0.130968736741, 0.137175036668, 0.202809042047, 0.296887982875, 0.22105946322, 0.245814101889, 0.202109675527, 0.417200001015, 0.729539224736, 0.512696614176, 0.573442087471, 0.331742997714, 1.10614764132, 0.212426987465, 0.612607196844, 0.709985614094, 0.141321243653, 0.223175779823, 0.185190199524, 0.0999857737729, 0.0883195027815, 0.100571867356, 0.47612843764, 0.423125809503, 0.856327793642, 0.390566364408, 0.453345491497, 0.360757967119, 0.465192388401];
heights = [10, 10, 30, 10, 10, 10, 25.0503898927, 16.7998642644, 21.160725644, 10, 21.9391616883, 11.5768275644, 10, 30, 30, 30, 10, 19.1069340849, 17.1358999183, 15.8699481155, 22.923780428, 10, 10, 30, 16.3671140511, 10, 10, 14.3712707814, 10, 14.6463708801, 10, 28.0713907677, 10, 16.6785191641, 28.8335823029, 10, 10, 30, 30, 14.5520044104, 30, 15.6194287388, 10, 10, 10, 10, 30, 20.6387942052, 10, 10, 30, 10, 18.5115785383, 13.9754631615, 10.3504128374, 12.1406531881, 10, 26.9729452609, 19.8609216122, 30, 10, 30, 28.5448441783, 26.6573574434, 12.8339592056, 29.028779078, 10, 17.0910428293, 10];
gcenter = [40443.7395633, -79943.1636872];